1.000000000000000000e+05 5.000000000000000000e+04
1.000000000000000000e+05 4.500000000000000000e+04
1.000000000000000000e+05 4.000000000000000000e+04
1.000000000000000000e+05 3.500000000000000000e+04
1.000000000000000000e+05 3.000000000000000000e+04
1.000000000000000000e+05 2.500000000000000000e+04
1.000000000000000000e+05 2.000000000000000000e+04
1.000000000000000000e+05 1.500000000000000000e+04
1.000000000000000000e+05 1.000000000000000000e+04
1.000000000000000000e+05 5.000000000000000000e+03
1.000000000000000000e+05 0.000000000000000000e+00
