-1.5770000e+06 -7.3800000e+05
-1.5780000e+06 -7.3780000e+05
-1.5790000e+06 -7.3760000e+05
-1.5800000e+06 -7.3740000e+05
-1.5810000e+06 -7.3700000e+05
-1.5820000e+06 -7.3660000e+05
-1.5830000e+06 -7.3640000e+05
-1.5840000e+06 -7.3620000e+05
-1.5850000e+06 -7.3620000e+05
-1.5860000e+06 -7.3640000e+05
-1.5870000e+06 -7.3640000e+05
-1.5880000e+06 -7.3640000e+05
-1.5890000e+06 -7.3620000e+05
-1.5900000e+06 -7.3600000e+05
-1.5910000e+06 -7.3580000e+05
-1.5920000e+06 -7.3580000e+05
-1.5930000e+06 -7.3580000e+05
-1.5940000e+06 -7.3580000e+05
-1.5950000e+06 -7.3540000e+05
-1.5958000e+06 -7.3480000e+05
-1.5964000e+06 -7.3400000e+05
-1.5968000e+06 -7.3300000e+05
-1.5972000e+06 -7.3200000e+05
-1.5976000e+06 -7.3120000e+05
-1.5982000e+06 -7.3040000e+05
-1.5990000e+06 -7.2960000e+05
-1.6000000e+06 -7.2900000e+05
-1.6010000e+06 -7.2860000e+05
-1.6020000e+06 -7.2800000e+05
-1.6030000e+06 -7.2760000e+05
-1.6040000e+06 -7.2720000e+05
-1.6050000e+06 -7.2660000e+05
-1.6060000e+06 -7.2600000e+05
-1.6070000e+06 -7.2540000e+05
-1.6078000e+06 -7.2460000e+05
-1.6084000e+06 -7.2380000e+05
-1.6086000e+06 -7.2300000e+05
-1.6084000e+06 -7.2200000e+05
-1.6080000e+06 -7.2100000e+05
-1.6076000e+06 -7.2000000e+05
-1.6072000e+06 -7.1900000e+05
-1.6070000e+06 -7.1800000e+05
-1.6070000e+06 -7.1700000e+05
-1.6068000e+06 -7.1600000e+05
-1.6064000e+06 -7.1520000e+05
-1.6058000e+06 -7.1460000e+05
-1.6050000e+06 -7.1400000e+05
-1.6040000e+06 -7.1340000e+05
-1.6030000e+06 -7.1280000e+05
-1.6020000e+06 -7.1200000e+05
-1.6010000e+06 -7.1100000e+05
-1.6000000e+06 -7.1000000e+05
-1.5992000e+06 -7.0900000e+05
-1.5984000e+06 -7.0800000e+05
-1.5980000e+06 -7.0700000e+05
-1.5978000e+06 -7.0600000e+05
-1.5978000e+06 -7.0500000e+05
-1.5980000e+06 -7.0400000e+05
-1.5984000e+06 -7.0300000e+05
-1.5988000e+06 -7.0200000e+05
-1.5992000e+06 -7.0100000e+05
-1.5996000e+06 -7.0000000e+05
-1.5996000e+06 -6.9900000e+05
-1.5994000e+06 -6.9800000e+05
-1.5988000e+06 -6.9700000e+05
-1.5980000e+06 -6.9600000e+05
-1.5970000e+06 -6.9500000e+05
-1.5962000e+06 -6.9400000e+05
-1.5954000e+06 -6.9300000e+05
-1.5946000e+06 -6.9220000e+05
-1.5938000e+06 -6.9160000e+05
-1.5930000e+06 -6.9120000e+05
-1.5920000e+06 -6.9080000e+05
-1.5910000e+06 -6.9040000e+05
-1.5900000e+06 -6.8980000e+05
-1.5892000e+06 -6.8900000e+05
-1.5888000e+06 -6.8800000e+05
-1.5888000e+06 -6.8700000e+05
-1.5890000e+06 -6.8600000e+05
-1.5896000e+06 -6.8500000e+05
-1.5900000e+06 -6.8400000e+05
-1.5904000e+06 -6.8300000e+05
-1.5906000e+06 -6.8200000e+05
-1.5908000e+06 -6.8100000e+05
-1.5908000e+06 -6.8000000e+05
-1.5910000e+06 -6.7900000e+05
-1.5908000e+06 -6.7800000e+05
-1.5906000e+06 -6.7700000e+05
-1.5906000e+06 -6.7600000e+05
-1.5906000e+06 -6.7500000e+05
-1.5908000e+06 -6.7400000e+05
-1.5912000e+06 -6.7300000e+05
-1.5916000e+06 -6.7200000e+05
-1.5918000e+06 -6.7100000e+05
-1.5920000e+06 -6.7000000e+05
-1.5922000e+06 -6.6900000e+05
-1.5922000e+06 -6.6800000e+05
-1.5922000e+06 -6.6700000e+05
-1.5924000e+06 -6.6600000e+05
-1.5926000e+06 -6.6500000e+05
-1.5928000e+06 -6.6400000e+05
-1.5932000e+06 -6.6300000e+05
-1.5936000e+06 -6.6200000e+05
-1.5938000e+06 -6.6100000e+05
-1.5940000e+06 -6.6000000e+05
-1.5942000e+06 -6.5900000e+05
-1.5944000e+06 -6.5800000e+05
-1.5946000e+06 -6.5700000e+05
-1.5948000e+06 -6.5600000e+05
-1.5952000e+06 -6.5500000e+05
-1.5954000e+06 -6.5400000e+05
-1.5956000e+06 -6.5300000e+05
-1.5960000e+06 -6.5200000e+05
-1.5964000e+06 -6.5100000e+05
-1.5966000e+06 -6.5000000e+05
-1.5968000e+06 -6.4900000e+05
-1.5972000e+06 -6.4800000e+05
-1.5974000e+06 -6.4700000e+05
-1.5978000e+06 -6.4600000e+05
-1.5984000e+06 -6.4520000e+05
-1.5988000e+06 -6.4440000e+05
-1.5992000e+06 -6.4360000e+05
-1.5998000e+06 -6.4280000e+05
-1.6004000e+06 -6.4220000e+05
-1.6010000e+06 -6.4140000e+05
-1.6020000e+06 -6.4060000e+05
-1.6030000e+06 -6.4000000e+05
-1.6040000e+06 -6.3960000e+05
-1.6050000e+06 -6.3920000e+05
-1.6060000e+06 -6.3880000e+05
-1.6068000e+06 -6.3840000e+05
-1.6074000e+06 -6.3780000e+05
-1.6078000e+06 -6.3700000e+05
-1.6080000e+06 -6.3600000e+05
-1.6080000e+06 -6.3500000e+05
-1.6082000e+06 -6.3400000e+05
-1.6084000e+06 -6.3300000e+05
-1.6086000e+06 -6.3200000e+05
-1.6088000e+06 -6.3100000e+05
-1.6090000e+06 -6.3000000e+05
-1.6090000e+06 -6.2900000e+05
-1.6092000e+06 -6.2800000e+05
-1.6094000e+06 -6.2700000e+05
-1.6094000e+06 -6.2600000e+05
-1.6094000e+06 -6.2500000e+05
-1.6094000e+06 -6.2400000e+05
-1.6092000e+06 -6.2300000e+05
-1.6088000e+06 -6.2200000e+05
-1.6086000e+06 -6.2100000e+05
-1.6082000e+06 -6.2020000e+05
-1.6076000e+06 -6.1940000e+05
-1.6070000e+06 -6.1860000e+05
-1.6064000e+06 -6.1780000e+05
-1.6058000e+06 -6.1700000e+05
-1.6054000e+06 -6.1600000e+05
-1.6052000e+06 -6.1500000e+05
-1.6048000e+06 -6.1400000e+05
-1.6048000e+06 -6.1300000e+05
-1.6050000e+06 -6.1220000e+05
-1.6054000e+06 -6.1160000e+05
-1.6058000e+06 -6.1100000e+05
-1.6066000e+06 -6.1040000e+05
-1.6074000e+06 -6.0980000e+05
-1.6082000e+06 -6.0920000e+05
-1.6090000e+06 -6.0860000e+05
-1.6100000e+06 -6.0800000e+05
-1.6108000e+06 -6.0740000e+05
-1.6114000e+06 -6.0680000e+05
-1.6118000e+06 -6.0600000e+05
-1.6120000e+06 -6.0500000e+05
-1.6120000e+06 -6.0400000e+05
-1.6118000e+06 -6.0300000e+05
-1.6116000e+06 -6.0200000e+05
-1.6112000e+06 -6.0100000e+05
-1.6106000e+06 -6.0000000e+05
-1.6098000e+06 -5.9900000e+05
-1.6090000e+06 -5.9820000e+05
-1.6080000e+06 -5.9740000e+05
-1.6070000e+06 -5.9660000e+05
-1.6060000e+06 -5.9580000e+05
-1.6052000e+06 -5.9500000e+05
-1.6044000e+06 -5.9400000e+05
-1.6036000e+06 -5.9300000e+05
-1.6030000e+06 -5.9200000e+05
-1.6024000e+06 -5.9120000e+05
-1.6016000e+06 -5.9040000e+05
-1.6008000e+06 -5.8960000e+05
-1.6000000e+06 -5.8900000e+05
-1.5990000e+06 -5.8840000e+05
-1.5980000e+06 -5.8780000e+05
-1.5970000e+06 -5.8720000e+05
-1.5960000e+06 -5.8660000e+05
-1.5950000e+06 -5.8580000e+05
-1.5940000e+06 -5.8520000e+05
-1.5930000e+06 -5.8460000e+05
-1.5920000e+06 -5.8400000e+05
-1.5910000e+06 -5.8360000e+05
-1.5900000e+06 -5.8320000e+05
-1.5890000e+06 -5.8280000e+05
-1.5880000e+06 -5.8220000e+05
-1.5870000e+06 -5.8180000e+05
-1.5860000e+06 -5.8120000e+05
-1.5850000e+06 -5.8080000e+05
-1.5840000e+06 -5.8020000e+05
-1.5830000e+06 -5.8000000e+05
-1.5820000e+06 -5.7960000e+05
-1.5810000e+06 -5.7920000e+05
-1.5800000e+06 -5.7860000e+05
-1.5792000e+06 -5.7800000e+05
-1.5784000e+06 -5.7720000e+05
-1.5776000e+06 -5.7660000e+05
-1.5768000e+06 -5.7620000e+05
-1.5760000e+06 -5.7580000e+05
-1.5752000e+06 -5.7540000e+05
-1.5748000e+06 -5.7480000e+05
-1.5744000e+06 -5.7400000e+05
-1.5742000e+06 -5.7300000e+05
-1.5740000e+06 -5.7200000e+05
-1.5736000e+06 -5.7100000e+05
-1.5728000e+06 -5.7000000e+05
-1.5722000e+06 -5.6900000e+05
-1.5714000e+06 -5.6800000e+05
-1.5706000e+06 -5.6700000e+05
-1.5698000e+06 -5.6600000e+05
-1.5690000e+06 -5.6500000e+05
-1.5682000e+06 -5.6400000e+05
-1.5676000e+06 -5.6300000e+05
-1.5672000e+06 -5.6200000e+05
-1.5668000e+06 -5.6100000e+05
-1.5666000e+06 -5.6000000e+05
-1.5662000e+06 -5.5900000e+05
-1.5658000e+06 -5.5800000e+05
-1.5652000e+06 -5.5700000e+05
-1.5648000e+06 -5.5600000e+05
-1.5642000e+06 -5.5520000e+05
-1.5636000e+06 -5.5440000e+05
-1.5628000e+06 -5.5360000e+05
-1.5620000e+06 -5.5320000e+05
-1.5610000e+06 -5.5300000e+05
-1.5600000e+06 -5.5300000e+05
-1.5590000e+06 -5.5320000e+05
-1.5580000e+06 -5.5360000e+05
-1.5570000e+06 -5.5380000e+05
-1.5560000e+06 -5.5400000e+05
-1.5550000e+06 -5.5400000e+05
-1.5540000e+06 -5.5400000e+05
-1.5530000e+06 -5.5400000e+05
-1.5520000e+06 -5.5380000e+05
-1.5512000e+06 -5.5340000e+05
-1.5504000e+06 -5.5280000e+05
-1.5498000e+06 -5.5200000e+05
-1.5492000e+06 -5.5100000e+05
-1.5488000e+06 -5.5000000e+05
-1.5484000e+06 -5.4900000e+05
-1.5480000e+06 -5.4800000e+05
-1.5476000e+06 -5.4700000e+05
-1.5474000e+06 -5.4600000e+05
-1.5472000e+06 -5.4500000e+05
-1.5468000e+06 -5.4400000e+05
-1.5464000e+06 -5.4300000e+05
-1.5458000e+06 -5.4220000e+05
-1.5450000e+06 -5.4140000e+05
-1.5440000e+06 -5.4060000e+05
-1.5432000e+06 -5.3980000e+05
-1.5426000e+06 -5.3900000e+05
-1.5420000e+06 -5.3840000e+05
-1.5414000e+06 -5.3780000e+05
-1.5410000e+06 -5.3720000e+05
-1.5404000e+06 -5.3660000e+05
-1.5398000e+06 -5.3600000e+05
-1.5392000e+06 -5.3520000e+05
-1.5386000e+06 -5.3440000e+05
-1.5378000e+06 -5.3360000e+05
-1.5372000e+06 -5.3320000e+05
-1.5366000e+06 -5.3320000e+05
-1.5362000e+06 -5.3340000e+05
-1.5360000e+06 -5.3400000e+05
-1.5360000e+06 -5.3500000e+05
-1.5360000e+06 -5.3600000e+05
-1.5360000e+06 -5.3700000e+05
-1.5360000e+06 -5.3800000e+05
-1.5360000e+06 -5.3900000e+05
-1.5358000e+06 -5.4000000e+05
-1.5354000e+06 -5.4080000e+05
-1.5348000e+06 -5.4120000e+05
-1.5340000e+06 -5.4120000e+05
-1.5330000e+06 -5.4100000e+05
-1.5320000e+06 -5.4040000e+05
-1.5310000e+06 -5.3960000e+05
-1.5302000e+06 -5.3880000e+05
-1.5294000e+06 -5.3800000e+05
-1.5288000e+06 -5.3700000e+05
-1.5284000e+06 -5.3600000e+05
-1.5280000e+06 -5.3500000e+05
-1.5276000e+06 -5.3400000e+05
-1.5274000e+06 -5.3300000e+05
-1.5272000e+06 -5.3200000e+05
-1.5270000e+06 -5.3100000e+05
-1.5270000e+06 -5.3000000e+05
-1.5270000e+06 -5.2900000e+05
-1.5270000e+06 -5.2800000e+05
-1.5270000e+06 -5.2700000e+05
-1.5270000e+06 -5.2600000e+05
-1.5270000e+06 -5.2500000e+05
-1.5268000e+06 -5.2420000e+05
-1.5264000e+06 -5.2340000e+05
-1.5260000e+06 -5.2260000e+05
-1.5256000e+06 -5.2180000e+05
-1.5252000e+06 -5.2100000e+05
-1.5252000e+06 -5.2000000e+05
-1.5256000e+06 -5.1900000e+05
-1.5262000e+06 -5.1820000e+05
-1.5268000e+06 -5.1740000e+05
-1.5274000e+06 -5.1660000e+05
-1.5278000e+06 -5.1580000e+05
-1.5280000e+06 -5.1500000e+05
-1.5282000e+06 -5.1400000e+05
-1.5284000e+06 -5.1300000e+05
-1.5284000e+06 -5.1200000e+05
-1.5284000e+06 -5.1100000e+05
-1.5284000e+06 -5.1000000e+05
-1.5282000e+06 -5.0900000e+05
-1.5282000e+06 -5.0800000e+05
-1.5286000e+06 -5.0700000e+05
-1.5290000e+06 -5.0600000e+05
-1.5294000e+06 -5.0500000e+05
-1.5300000e+06 -5.0400000e+05
-1.5306000e+06 -5.0320000e+05
-1.5312000e+06 -5.0240000e+05
-1.5320000e+06 -5.0200000e+05
-1.5328000e+06 -5.0160000e+05
-1.5334000e+06 -5.0120000e+05
-1.5340000e+06 -5.0060000e+05
-1.5346000e+06 -5.0000000e+05
-1.5352000e+06 -4.9920000e+05
-1.5360000e+06 -4.9880000e+05
-1.5368000e+06 -4.9880000e+05
-1.5374000e+06 -4.9920000e+05
-1.5380000e+06 -4.9980000e+05
-1.5386000e+06 -5.0020000e+05
-1.5392000e+06 -5.0040000e+05
-1.5400000e+06 -5.0020000e+05
-1.5410000e+06 -4.9960000e+05
-1.5420000e+06 -4.9900000e+05
-1.5428000e+06 -4.9840000e+05
-1.5436000e+06 -4.9760000e+05
-1.5444000e+06 -4.9680000e+05
-1.5452000e+06 -4.9640000e+05
-1.5458000e+06 -4.9620000e+05
-1.5464000e+06 -4.9640000e+05
-1.5470000e+06 -4.9680000e+05
-1.5476000e+06 -4.9760000e+05
-1.5482000e+06 -4.9840000e+05
-1.5488000e+06 -4.9920000e+05
-1.5492000e+06 -5.0000000e+05
-1.5494000e+06 -5.0100000e+05
-1.5492000e+06 -5.0200000e+05
-1.5486000e+06 -5.0280000e+05
-1.5480000e+06 -5.0360000e+05
-1.5476000e+06 -5.0440000e+05
-1.5474000e+06 -5.0520000e+05
-1.5474000e+06 -5.0600000e+05
-1.5476000e+06 -5.0700000e+05
-1.5478000e+06 -5.0800000e+05
-1.5480000e+06 -5.0900000e+05
-1.5480000e+06 -5.0960000e+05
-1.5482000e+06 -5.0980000e+05
-1.5486000e+06 -5.0960000e+05
-1.5492000e+06 -5.0940000e+05
-1.5498000e+06 -5.0880000e+05
-1.5504000e+06 -5.0820000e+05
-1.5510000e+06 -5.0760000e+05
-1.5516000e+06 -5.0700000e+05
-1.5520000e+06 -5.0600000e+05
-1.5526000e+06 -5.0500000e+05
-1.5532000e+06 -5.0400000e+05
-1.5538000e+06 -5.0300000e+05
-1.5544000e+06 -5.0200000e+05
-1.5552000e+06 -5.0120000e+05
-1.5560000e+06 -5.0060000e+05
-1.5570000e+06 -5.0020000e+05
-1.5580000e+06 -5.0020000e+05
-1.5588000e+06 -5.0060000e+05
-1.5596000e+06 -5.0120000e+05
-1.5604000e+06 -5.0180000e+05
-1.5612000e+06 -5.0220000e+05
-1.5620000e+06 -5.0220000e+05
-1.5630000e+06 -5.0180000e+05
-1.5638000e+06 -5.0100000e+05
-1.5646000e+06 -5.0000000e+05
-1.5654000e+06 -4.9900000e+05
-1.5662000e+06 -4.9820000e+05
-1.5670000e+06 -4.9760000e+05
-1.5680000e+06 -4.9720000e+05
-1.5688000e+06 -4.9680000e+05
-1.5694000e+06 -4.9640000e+05
-1.5700000e+06 -4.9580000e+05
-1.5706000e+06 -4.9500000e+05
-1.5710000e+06 -4.9400000e+05
-1.5716000e+06 -4.9300000e+05
-1.5722000e+06 -4.9200000e+05
-1.5728000e+06 -4.9100000e+05
-1.5732000e+06 -4.9000000e+05
-1.5736000e+06 -4.8900000e+05
-1.5740000e+06 -4.8800000e+05
-1.5746000e+06 -4.8700000e+05
-1.5752000e+06 -4.8600000e+05
-1.5760000e+06 -4.8520000e+05
-1.5768000e+06 -4.8440000e+05
-1.5776000e+06 -4.8360000e+05
-1.5784000e+06 -4.8300000e+05
-1.5792000e+06 -4.8260000e+05
-1.5800000e+06 -4.8220000e+05
-1.5810000e+06 -4.8220000e+05
-1.5820000e+06 -4.8240000e+05
-1.5830000e+06 -4.8240000e+05
-1.5840000e+06 -4.8220000e+05
-1.5848000e+06 -4.8180000e+05
-1.5856000e+06 -4.8100000e+05
-1.5864000e+06 -4.8020000e+05
-1.5872000e+06 -4.7960000e+05
-1.5880000e+06 -4.7920000e+05
-1.5890000e+06 -4.7880000e+05
-1.5900000e+06 -4.7860000e+05
-1.5910000e+06 -4.7840000e+05
-1.5920000e+06 -4.7820000e+05
-1.5930000e+06 -4.7800000e+05
-1.5940000e+06 -4.7780000e+05
-1.5950000e+06 -4.7740000e+05
-1.5960000e+06 -4.7680000e+05
-1.5970000e+06 -4.7620000e+05
-1.5976000e+06 -4.7560000e+05
-1.5978000e+06 -4.7520000e+05
-1.5976000e+06 -4.7500000e+05
-1.5970000e+06 -4.7480000e+05
-1.5960000e+06 -4.7440000e+05
-1.5950000e+06 -4.7380000e+05
-1.5942000e+06 -4.7300000e+05
-1.5938000e+06 -4.7200000e+05
-1.5936000e+06 -4.7100000e+05
-1.5938000e+06 -4.7000000e+05
-1.5942000e+06 -4.6900000e+05
-1.5948000e+06 -4.6800000e+05
-1.5950000e+06 -4.6720000e+05
-1.5950000e+06 -4.6640000e+05
-1.5946000e+06 -4.6560000e+05
-1.5940000e+06 -4.6480000e+05
-1.5930000e+06 -4.6400000e+05
-1.5920000e+06 -4.6300000e+05
-1.5914000e+06 -4.6200000e+05
-1.5912000e+06 -4.6100000e+05
-1.5914000e+06 -4.6020000e+05
-1.5920000e+06 -4.5960000e+05
-1.5930000e+06 -4.5900000e+05
-1.5938000e+06 -4.5840000e+05
-1.5946000e+06 -4.5780000e+05
-1.5954000e+06 -4.5700000e+05
-1.5962000e+06 -4.5600000e+05
-1.5966000e+06 -4.5520000e+05
-1.5968000e+06 -4.5440000e+05
-1.5970000e+06 -4.5360000e+05
-1.5970000e+06 -4.5280000e+05
-1.5970000e+06 -4.5200000e+05
-1.5972000e+06 -4.5100000e+05
-1.5976000e+06 -4.5000000e+05
-1.5978000e+06 -4.4900000e+05
-1.5982000e+06 -4.4800000e+05
-1.5986000e+06 -4.4720000e+05
-1.5992000e+06 -4.4640000e+05
-1.5996000e+06 -4.4560000e+05
-1.6000000e+06 -4.4480000e+05
-1.6004000e+06 -4.4400000e+05
-1.6008000e+06 -4.4300000e+05
-1.6012000e+06 -4.4200000e+05
-1.6020000e+06 -4.4120000e+05
-1.6030000e+06 -4.4060000e+05
-1.6036000e+06 -4.4000000e+05
-1.6040000e+06 -4.3940000e+05
-1.6040000e+06 -4.3880000e+05
-1.6036000e+06 -4.3840000e+05
-1.6028000e+06 -4.3800000e+05
-1.6020000e+06 -4.3760000e+05
-1.6010000e+06 -4.3720000e+05
-1.6000000e+06 -4.3700000e+05
-1.5990000e+06 -4.3640000e+05
-1.5982000e+06 -4.3560000e+05
-1.5974000e+06 -4.3500000e+05
-1.5966000e+06 -4.3440000e+05
-1.5958000e+06 -4.3360000e+05
-1.5950000e+06 -4.3320000e+05
-1.5940000e+06 -4.3300000e+05
-1.5930000e+06 -4.3260000e+05
-1.5920000e+06 -4.3220000e+05
-1.5910000e+06 -4.3180000e+05
-1.5900000e+06 -4.3100000e+05
-1.5890000e+06 -4.3000000e+05
-1.5880000e+06 -4.2900000e+05
-1.5870000e+06 -4.2800000e+05
-1.5860000e+06 -4.2700000e+05
-1.5850000e+06 -4.2600000e+05
-1.5842000e+06 -4.2500000e+05
-1.5834000e+06 -4.2400000e+05
-1.5828000e+06 -4.2300000e+05
-1.5822000e+06 -4.2200000e+05
-1.5818000e+06 -4.2100000e+05
-1.5812000e+06 -4.2000000e+05
-1.5808000e+06 -4.1900000e+05
-1.5802000e+06 -4.1800000e+05
-1.5798000e+06 -4.1700000e+05
-1.5792000e+06 -4.1600000e+05
-1.5788000e+06 -4.1500000e+05
-1.5782000e+06 -4.1400000e+05
-1.5778000e+06 -4.1300000e+05
-1.5772000e+06 -4.1200000e+05
-1.5768000e+06 -4.1100000e+05
-1.5764000e+06 -4.1000000e+05
-1.5762000e+06 -4.0900000e+05
-1.5760000e+06 -4.0800000e+05
-1.5760000e+06 -4.0700000e+05
-1.5760000e+06 -4.0600000e+05
-1.5760000e+06 -4.0500000e+05
-1.5760000e+06 -4.0400000e+05
-1.5760000e+06 -4.0300000e+05
-1.5760000e+06 -4.0200000e+05
-1.5762000e+06 -4.0100000e+05
-1.5766000e+06 -4.0000000e+05
-1.5772000e+06 -3.9900000e+05
-1.5780000e+06 -3.9800000e+05
-1.5788000e+06 -3.9700000e+05
-1.5794000e+06 -3.9600000e+05
-1.5798000e+06 -3.9500000e+05
-1.5800000e+06 -3.9400000e+05
-1.5802000e+06 -3.9300000e+05
-1.5802000e+06 -3.9200000e+05
-1.5802000e+06 -3.9100000e+05
-1.5804000e+06 -3.9000000e+05
-1.5806000e+06 -3.8900000e+05
-1.5808000e+06 -3.8800000e+05
-1.5814000e+06 -3.8700000e+05
-1.5820000e+06 -3.8600000e+05
-1.5824000e+06 -3.8500000e+05
-1.5826000e+06 -3.8440000e+05
-1.5824000e+06 -3.8380000e+05
-1.5818000e+06 -3.8320000e+05
-1.5812000e+06 -3.8260000e+05
-1.5808000e+06 -3.8200000e+05
-1.5808000e+06 -3.8100000e+05
-1.5812000e+06 -3.8000000e+05
-1.5820000e+06 -3.7900000e+05
-1.5830000e+06 -3.7800000e+05
-1.5838000e+06 -3.7700000e+05
-1.5844000e+06 -3.7600000e+05
-1.5848000e+06 -3.7500000e+05
-1.5850000e+06 -3.7400000e+05
-1.5850000e+06 -3.7300000e+05
-1.5850000e+06 -3.7200000e+05
-1.5852000e+06 -3.7100000e+05
-1.5854000e+06 -3.7000000e+05
-1.5856000e+06 -3.6900000e+05
-1.5856000e+06 -3.6800000e+05
-1.5858000e+06 -3.6700000e+05
-1.5858000e+06 -3.6600000e+05
-1.5860000e+06 -3.6500000e+05
-1.5862000e+06 -3.6400000e+05
-1.5866000e+06 -3.6300000e+05
-1.5866000e+06 -3.6200000e+05
-1.5866000e+06 -3.6100000e+05
-1.5864000e+06 -3.6000000e+05
-1.5860000e+06 -3.5900000e+05
-1.5856000e+06 -3.5800000e+05
-1.5854000e+06 -3.5700000e+05
-1.5852000e+06 -3.5600000e+05
-1.5850000e+06 -3.5500000e+05
-1.5852000e+06 -3.5400000e+05
-1.5856000e+06 -3.5300000e+05
-1.5862000e+06 -3.5200000e+05
-1.5868000e+06 -3.5100000e+05
-1.5872000e+06 -3.5020000e+05
-1.5872000e+06 -3.4940000e+05
-1.5872000e+06 -3.4860000e+05
-1.5870000e+06 -3.4780000e+05
-1.5868000e+06 -3.4700000e+05
-1.5870000e+06 -3.4600000e+05
-1.5874000e+06 -3.4500000e+05
-1.5876000e+06 -3.4400000e+05
-1.5878000e+06 -3.4300000e+05
-1.5880000e+06 -3.4200000e+05
-1.5882000e+06 -3.4100000e+05
-1.5886000e+06 -3.4000000e+05
-1.5892000e+06 -3.3900000e+05
-1.5898000e+06 -3.3800000e+05
-1.5904000e+06 -3.3700000e+05
-1.5910000e+06 -3.3600000e+05
-1.5916000e+06 -3.3500000e+05
-1.5922000e+06 -3.3420000e+05
-1.5930000e+06 -3.3340000e+05
-1.5940000e+06 -3.3280000e+05
-1.5950000e+06 -3.3240000e+05
-1.5960000e+06 -3.3240000e+05
-1.5970000e+06 -3.3220000e+05
-1.5980000e+06 -3.3220000e+05
-1.5990000e+06 -3.3200000e+05
-1.6000000e+06 -3.3180000e+05
-1.6010000e+06 -3.3120000e+05
-1.6020000e+06 -3.3080000e+05
-1.6030000e+06 -3.3040000e+05
-1.6040000e+06 -3.3000000e+05
-1.6050000e+06 -3.2980000e+05
-1.6060000e+06 -3.2980000e+05
-1.6070000e+06 -3.2980000e+05
-1.6080000e+06 -3.2980000e+05
-1.6090000e+06 -3.3000000e+05
-1.6100000e+06 -3.3000000e+05
-1.6110000e+06 -3.3000000e+05
-1.6120000e+06 -3.3000000e+05
-1.6130000e+06 -3.3000000e+05
-1.6140000e+06 -3.2980000e+05
-1.6150000e+06 -3.2960000e+05
-1.6160000e+06 -3.2940000e+05
-1.6170000e+06 -3.2920000e+05
-1.6180000e+06 -3.2900000e+05
-1.6190000e+06 -3.2880000e+05
-1.6200000e+06 -3.2860000e+05
-1.6210000e+06 -3.2840000e+05
-1.6220000e+06 -3.2820000e+05
-1.6230000e+06 -3.2800000e+05
-1.6240000e+06 -3.2800000e+05
-1.6250000e+06 -3.2780000e+05
-1.6260000e+06 -3.2760000e+05
-1.6270000e+06 -3.2720000e+05
-1.6280000e+06 -3.2680000e+05
-1.6290000e+06 -3.2640000e+05
-1.6300000e+06 -3.2620000e+05
-1.6310000e+06 -3.2600000e+05
-1.6320000e+06 -3.2600000e+05
-1.6330000e+06 -3.2600000e+05
-1.6340000e+06 -3.2580000e+05
-1.6350000e+06 -3.2560000e+05
-1.6360000e+06 -3.2520000e+05
-1.6370000e+06 -3.2480000e+05
-1.6380000e+06 -3.2460000e+05
-1.6386000e+06 -3.2480000e+05
-1.6392000e+06 -3.2500000e+05
-1.6398000e+06 -3.2560000e+05
-1.6400000e+06 -3.2640000e+05
-1.6400000e+06 -3.2720000e+05
-1.6404000e+06 -3.2800000e+05
-1.6408000e+06 -3.2900000e+05
-1.6410000e+06 -3.3000000e+05
-1.6414000e+06 -3.3100000e+05
-1.6420000e+06 -3.3200000e+05
-1.6424000e+06 -3.3300000e+05
-1.6426000e+06 -3.3400000e+05
-1.6428000e+06 -3.3500000e+05
-1.6432000e+06 -3.3600000e+05
-1.6436000e+06 -3.3700000e+05
-1.6440000e+06 -3.3800000e+05
-1.6444000e+06 -3.3900000e+05
-1.6450000e+06 -3.4000000e+05
-1.6454000e+06 -3.4100000e+05
-1.6456000e+06 -3.4200000e+05
-1.6458000e+06 -3.4300000e+05
-1.6460000e+06 -3.4400000e+05
-1.6460000e+06 -3.4500000e+05
-1.6462000e+06 -3.4600000e+05
-1.6464000e+06 -3.4700000e+05
-1.6464000e+06 -3.4800000e+05
-1.6464000e+06 -3.4900000e+05
-1.6462000e+06 -3.5000000e+05
-1.6460000e+06 -3.5080000e+05
-1.6460000e+06 -3.5140000e+05
-1.6464000e+06 -3.5180000e+05
-1.6468000e+06 -3.5180000e+05
-1.6476000e+06 -3.5140000e+05
-1.6484000e+06 -3.5120000e+05
-1.6490000e+06 -3.5120000e+05
-1.6496000e+06 -3.5140000e+05
-1.6502000e+06 -3.5200000e+05
-1.6508000e+06 -3.5300000e+05
-1.6512000e+06 -3.5400000e+05
-1.6518000e+06 -3.5500000e+05
-1.6524000e+06 -3.5600000e+05
-1.6530000e+06 -3.5700000e+05
-1.6534000e+06 -3.5800000e+05
-1.6538000e+06 -3.5900000e+05
-1.6540000e+06 -3.6000000e+05
-1.6540000e+06 -3.6100000e+05
-1.6538000e+06 -3.6200000e+05
-1.6536000e+06 -3.6300000e+05
-1.6536000e+06 -3.6360000e+05
-1.6538000e+06 -3.6400000e+05
-1.6542000e+06 -3.6420000e+05
-1.6550000e+06 -3.6400000e+05
-1.6560000e+06 -3.6340000e+05
-1.6568000e+06 -3.6280000e+05
-1.6576000e+06 -3.6200000e+05
-1.6584000e+06 -3.6100000e+05
-1.6592000e+06 -3.6020000e+05
-1.6600000e+06 -3.5940000e+05
-1.6610000e+06 -3.5880000e+05
-1.6620000e+06 -3.5820000e+05
-1.6630000e+06 -3.5760000e+05
-1.6638000e+06 -3.5680000e+05
-1.6646000e+06 -3.5600000e+05
-1.6654000e+06 -3.5500000e+05
-1.6662000e+06 -3.5400000e+05
-1.6670000e+06 -3.5320000e+05
-1.6680000e+06 -3.5240000e+05
-1.6690000e+06 -3.5180000e+05
-1.6700000e+06 -3.5140000e+05
-1.6710000e+06 -3.5120000e+05
-1.6720000e+06 -3.5120000e+05
-1.6730000e+06 -3.5160000e+05
-1.6740000e+06 -3.5200000e+05
-1.6746000e+06 -3.5220000e+05
-1.6750000e+06 -3.5220000e+05
-1.6750000e+06 -3.5180000e+05
-1.6750000e+06 -3.5100000e+05
-1.6750000e+06 -3.5000000e+05
-1.6754000e+06 -3.4920000e+05
-1.6760000e+06 -3.4860000e+05
-1.6770000e+06 -3.4820000e+05
-1.6780000e+06 -3.4780000e+05
-1.6790000e+06 -3.4740000e+05
-1.6798000e+06 -3.4680000e+05
-1.6804000e+06 -3.4600000e+05
-1.6810000e+06 -3.4500000e+05
-1.6814000e+06 -3.4400000e+05
-1.6818000e+06 -3.4300000e+05
-1.6824000e+06 -3.4200000e+05
-1.6832000e+06 -3.4120000e+05
-1.6840000e+06 -3.4060000e+05
-1.6850000e+06 -3.4000000e+05
-1.6860000e+06 -3.3960000e+05
-1.6870000e+06 -3.3940000e+05
-1.6880000e+06 -3.3920000e+05
-1.6890000e+06 -3.3900000e+05
-1.6900000e+06 -3.3900000e+05
-1.6910000e+06 -3.3920000e+05
-1.6920000e+06 -3.3940000e+05
-1.6930000e+06 -3.3960000e+05
-1.6940000e+06 -3.4000000e+05
-1.6950000e+06 -3.4040000e+05
-1.6960000e+06 -3.4080000e+05
-1.6968000e+06 -3.4140000e+05
-1.6976000e+06 -3.4200000e+05
-1.6984000e+06 -3.4240000e+05
-1.6992000e+06 -3.4280000e+05
-1.7000000e+06 -3.4320000e+05
-1.7010000e+06 -3.4360000e+05
-1.7020000e+06 -3.4420000e+05
-1.7030000e+06 -3.4500000e+05
-1.7040000e+06 -3.4600000e+05
-1.7050000e+06 -3.4680000e+05
-1.7060000e+06 -3.4760000e+05
-1.7070000e+06 -3.4820000e+05
-1.7080000e+06 -3.4860000e+05
-1.7090000e+06 -3.4880000e+05
-1.7100000e+06 -3.4900000e+05
-1.7110000e+06 -3.4920000e+05
-1.7120000e+06 -3.4960000e+05
-1.7128000e+06 -3.5020000e+05
-1.7134000e+06 -3.5100000e+05
-1.7138000e+06 -3.5200000e+05
-1.7138000e+06 -3.5300000e+05
-1.7136000e+06 -3.5400000e+05
-1.7134000e+06 -3.5500000e+05
-1.7130000e+06 -3.5600000e+05
-1.7126000e+06 -3.5700000e+05
-1.7124000e+06 -3.5800000e+05
-1.7122000e+06 -3.5900000e+05
-1.7122000e+06 -3.6000000e+05
-1.7124000e+06 -3.6100000e+05
-1.7128000e+06 -3.6200000e+05
-1.7134000e+06 -3.6300000e+05
-1.7142000e+06 -3.6400000e+05
-1.7146000e+06 -3.6500000e+05
-1.7150000e+06 -3.6600000e+05
-1.7152000e+06 -3.6700000e+05
-1.7150000e+06 -3.6800000e+05
-1.7146000e+06 -3.6900000e+05
-1.7144000e+06 -3.7000000e+05
-1.7144000e+06 -3.7100000e+05
-1.7144000e+06 -3.7200000e+05
-1.7148000e+06 -3.7300000e+05
-1.7154000e+06 -3.7400000e+05
-1.7160000e+06 -3.7500000e+05
-1.7164000e+06 -3.7600000e+05
-1.7166000e+06 -3.7700000e+05
-1.7164000e+06 -3.7800000e+05
-1.7158000e+06 -3.7900000e+05
-1.7152000e+06 -3.8000000e+05
-1.7146000e+06 -3.8100000e+05
-1.7142000e+06 -3.8200000e+05
-1.7140000e+06 -3.8300000e+05
-1.7140000e+06 -3.8400000e+05
-1.7140000e+06 -3.8500000e+05
-1.7140000e+06 -3.8600000e+05
-1.7140000e+06 -3.8700000e+05
-1.7142000e+06 -3.8800000e+05
-1.7144000e+06 -3.8900000e+05
-1.7148000e+06 -3.9000000e+05
-1.7154000e+06 -3.9100000e+05
-1.7162000e+06 -3.9200000e+05
-1.7170000e+06 -3.9280000e+05
-1.7180000e+06 -3.9340000e+05
-1.7190000e+06 -3.9380000e+05
-1.7200000e+06 -3.9400000e+05
-1.7210000e+06 -3.9400000e+05
-1.7220000e+06 -3.9420000e+05
-1.7230000e+06 -3.9440000e+05
-1.7240000e+06 -3.9440000e+05
-1.7250000e+06 -3.9440000e+05
-1.7260000e+06 -3.9440000e+05
-1.7270000e+06 -3.9400000e+05
-1.7280000e+06 -3.9360000e+05
-1.7290000e+06 -3.9340000e+05
-1.7300000e+06 -3.9320000e+05
-1.7310000e+06 -3.9300000e+05
-1.7320000e+06 -3.9300000e+05
-1.7330000e+06 -3.9320000e+05
-1.7340000e+06 -3.9340000e+05
-1.7350000e+06 -3.9360000e+05
-1.7360000e+06 -3.9400000e+05
-1.7368000e+06 -3.9460000e+05
-1.7376000e+06 -3.9520000e+05
-1.7382000e+06 -3.9600000e+05
-1.7386000e+06 -3.9700000e+05
-1.7388000e+06 -3.9800000e+05
-1.7392000e+06 -3.9900000e+05
-1.7396000e+06 -3.9980000e+05
-1.7402000e+06 -4.0040000e+05
-1.7410000e+06 -4.0100000e+05
-1.7420000e+06 -4.0140000e+05
-1.7430000e+06 -4.0160000e+05
-1.7440000e+06 -4.0180000e+05
-1.7450000e+06 -4.0200000e+05
-1.7460000e+06 -4.0200000e+05
-1.7470000e+06 -4.0180000e+05
-1.7478000e+06 -4.0140000e+05
-1.7484000e+06 -4.0080000e+05
-1.7488000e+06 -4.0000000e+05
-1.7492000e+06 -3.9900000e+05
-1.7494000e+06 -3.9800000e+05
-1.7496000e+06 -3.9700000e+05
-1.7500000e+06 -3.9600000e+05
-1.7504000e+06 -3.9500000e+05
-1.7506000e+06 -3.9400000e+05
-1.7508000e+06 -3.9300000e+05
-1.7510000e+06 -3.9200000e+05
-1.7510000e+06 -3.9100000e+05
-1.7510000e+06 -3.9000000e+05
-1.7510000e+06 -3.8900000e+05
-1.7510000e+06 -3.8800000e+05
-1.7510000e+06 -3.8700000e+05
-1.7510000e+06 -3.8600000e+05
-1.7510000e+06 -3.8500000e+05
-1.7510000e+06 -3.8400000e+05
-1.7512000e+06 -3.8300000e+05
-1.7514000e+06 -3.8200000e+05
-1.7514000e+06 -3.8100000e+05
-1.7514000e+06 -3.8000000e+05
-1.7514000e+06 -3.7900000e+05
-1.7512000e+06 -3.7800000e+05
-1.7510000e+06 -3.7700000e+05
-1.7510000e+06 -3.7600000e+05
-1.7510000e+06 -3.7500000e+05
-1.7510000e+06 -3.7400000e+05
-1.7510000e+06 -3.7300000e+05
-1.7510000e+06 -3.7200000e+05
-1.7508000e+06 -3.7100000e+05
-1.7506000e+06 -3.7000000e+05
-1.7502000e+06 -3.6900000e+05
-1.7498000e+06 -3.6800000e+05
-1.7492000e+06 -3.6700000e+05
-1.7488000e+06 -3.6600000e+05
-1.7482000e+06 -3.6500000e+05
-1.7480000e+06 -3.6400000e+05
-1.7478000e+06 -3.6300000e+05
-1.7478000e+06 -3.6200000e+05
-1.7480000e+06 -3.6100000e+05
-1.7484000e+06 -3.6000000e+05
-1.7486000e+06 -3.5900000e+05
-1.7490000e+06 -3.5800000e+05
-1.7496000e+06 -3.5700000e+05
-1.7500000e+06 -3.5600000e+05
-1.7504000e+06 -3.5500000e+05
-1.7508000e+06 -3.5400000e+05
-1.7512000e+06 -3.5300000e+05
-1.7516000e+06 -3.5220000e+05
-1.7522000e+06 -3.5160000e+05
-1.7530000e+06 -3.5140000e+05
-1.7540000e+06 -3.5160000e+05
-1.7550000e+06 -3.5220000e+05
-1.7558000e+06 -3.5300000e+05
-1.7566000e+06 -3.5380000e+05
-1.7574000e+06 -3.5440000e+05
-1.7582000e+06 -3.5500000e+05
-1.7590000e+06 -3.5560000e+05
-1.7598000e+06 -3.5620000e+05
-1.7604000e+06 -3.5700000e+05
-1.7610000e+06 -3.5780000e+05
-1.7616000e+06 -3.5840000e+05
-1.7622000e+06 -3.5900000e+05
-1.7630000e+06 -3.5960000e+05
-1.7640000e+06 -3.6020000e+05
-1.7648000e+06 -3.6100000e+05
-1.7654000e+06 -3.6200000e+05
-1.7660000e+06 -3.6300000e+05
-1.7666000e+06 -3.6380000e+05
-1.7672000e+06 -3.6460000e+05
-1.7680000e+06 -3.6520000e+05
-1.7690000e+06 -3.6560000e+05
-1.7700000e+06 -3.6600000e+05
-1.7710000e+06 -3.6620000e+05
-1.7720000e+06 -3.6620000e+05
-1.7730000e+06 -3.6620000e+05
-1.7740000e+06 -3.6620000e+05
-1.7750000e+06 -3.6600000e+05
-1.7760000e+06 -3.6600000e+05
-1.7770000e+06 -3.6600000e+05
-1.7780000e+06 -3.6620000e+05
-1.7790000e+06 -3.6640000e+05
-1.7800000e+06 -3.6680000e+05
-1.7810000e+06 -3.6720000e+05
-1.7820000e+06 -3.6760000e+05
-1.7830000e+06 -3.6800000e+05
-1.7840000e+06 -3.6860000e+05
-1.7848000e+06 -3.6920000e+05
-1.7856000e+06 -3.7000000e+05
-1.7862000e+06 -3.7100000e+05
-1.7868000e+06 -3.7200000e+05
-1.7872000e+06 -3.7300000e+05
-1.7876000e+06 -3.7400000e+05
-1.7878000e+06 -3.7500000e+05
-1.7880000e+06 -3.7600000e+05
-1.7878000e+06 -3.7700000e+05
-1.7874000e+06 -3.7800000e+05
-1.7870000e+06 -3.7900000e+05
-1.7866000e+06 -3.8000000e+05
-1.7860000e+06 -3.8100000e+05
-1.7856000e+06 -3.8200000e+05
-1.7854000e+06 -3.8300000e+05
-1.7850000e+06 -3.8400000e+05
-1.7846000e+06 -3.8500000e+05
-1.7844000e+06 -3.8600000e+05
-1.7840000e+06 -3.8700000e+05
-1.7836000e+06 -3.8800000e+05
-1.7834000e+06 -3.8900000e+05
-1.7830000e+06 -3.9000000e+05
-1.7824000e+06 -3.9100000e+05
-1.7820000e+06 -3.9200000e+05
-1.7814000e+06 -3.9300000e+05
-1.7808000e+06 -3.9400000e+05
-1.7804000e+06 -3.9500000e+05
-1.7802000e+06 -3.9600000e+05
-1.7800000e+06 -3.9700000e+05
-1.7800000e+06 -3.9800000e+05
-1.7800000e+06 -3.9900000e+05
-1.7800000e+06 -4.0000000e+05
-1.7800000e+06 -4.0100000e+05
-1.7800000e+06 -4.0200000e+05
-1.7800000e+06 -4.0300000e+05
-1.7802000e+06 -4.0400000e+05
-1.7804000e+06 -4.0500000e+05
-1.7808000e+06 -4.0600000e+05
-1.7814000e+06 -4.0680000e+05
-1.7822000e+06 -4.0760000e+05
-1.7830000e+06 -4.0840000e+05
-1.7840000e+06 -4.0920000e+05
-1.7850000e+06 -4.1000000e+05
-1.7860000e+06 -4.1100000e+05
-1.7868000e+06 -4.1200000e+05
-1.7876000e+06 -4.1300000e+05
-1.7882000e+06 -4.1400000e+05
-1.7888000e+06 -4.1480000e+05
-1.7894000e+06 -4.1560000e+05
-1.7902000e+06 -4.1640000e+05
-1.7910000e+06 -4.1720000e+05
-1.7918000e+06 -4.1800000e+05
-1.7924000e+06 -4.1900000e+05
-1.7928000e+06 -4.2000000e+05
-1.7930000e+06 -4.2100000e+05
-1.7932000e+06 -4.2180000e+05
-1.7936000e+06 -4.2260000e+05
-1.7942000e+06 -4.2320000e+05
-1.7950000e+06 -4.2380000e+05
-1.7960000e+06 -4.2420000e+05
-1.7970000e+06 -4.2440000e+05
-1.7980000e+06 -4.2440000e+05
-1.7990000e+06 -4.2440000e+05
-1.8000000e+06 -4.2420000e+05
-1.8010000e+06 -4.2400000e+05
-1.8020000e+06 -4.2420000e+05
-1.8030000e+06 -4.2460000e+05
-1.8040000e+06 -4.2500000e+05
-1.8050000e+06 -4.2540000e+05
-1.8060000e+06 -4.2580000e+05
-1.8070000e+06 -4.2600000e+05
-1.8080000e+06 -4.2600000e+05
-1.8090000e+06 -4.2620000e+05
-1.8100000e+06 -4.2660000e+05
-1.8110000e+06 -4.2720000e+05
-1.8120000e+06 -4.2780000e+05
-1.8130000e+06 -4.2860000e+05
-1.8140000e+06 -4.2920000e+05
-1.8150000e+06 -4.2980000e+05
-1.8160000e+06 -4.3020000e+05
-1.8170000e+06 -4.3080000e+05
-1.8180000e+06 -4.3120000e+05
-1.8190000e+06 -4.3180000e+05
-1.8200000e+06 -4.3220000e+05
-1.8210000e+06 -4.3280000e+05
-1.8220000e+06 -4.3320000e+05
-1.8230000e+06 -4.3380000e+05
-1.8240000e+06 -4.3420000e+05
-1.8250000e+06 -4.3480000e+05
-1.8260000e+06 -4.3520000e+05
-1.8270000e+06 -4.3540000e+05
-1.8280000e+06 -4.3540000e+05
-1.8290000e+06 -4.3540000e+05
-1.8300000e+06 -4.3520000e+05
-1.8310000e+06 -4.3500000e+05
-1.8320000e+06 -4.3480000e+05
-1.8330000e+06 -4.3460000e+05
-1.8340000e+06 -4.3440000e+05
-1.8350000e+06 -4.3400000e+05
-1.8360000e+06 -4.3340000e+05
-1.8370000e+06 -4.3280000e+05
-1.8380000e+06 -4.3200000e+05
-1.8390000e+06 -4.3100000e+05
-1.8400000e+06 -4.3020000e+05
-1.8410000e+06 -4.2940000e+05
-1.8420000e+06 -4.2860000e+05
-1.8428000e+06 -4.2780000e+05
-1.8436000e+06 -4.2700000e+05
-1.8442000e+06 -4.2600000e+05
-1.8446000e+06 -4.2500000e+05
-1.8448000e+06 -4.2400000e+05
-1.8450000e+06 -4.2300000e+05
-1.8450000e+06 -4.2200000e+05
