-1845326.96640453627333 -421216.117408515710849
-1845325.048852548701689 -419925.255472732125781
-1839452.174652526620775 -420140.41231658088509
-1832261.225373030407354 -420111.061503195203841
-1827946.655805332586169 -418731.573274067312013
-1823866.892744720447809 -419289.238728395604994
-1818935.956095922971144 -419113.133848081401084
-1815942.173130581621081 -418526.117580367426854
-1812654.882031383225694 -417234.681791396578774
-1809132.784425099380314 -414769.213466998015065
-1803908.339642445091158 -407607.615000887424685
-1802440.798973160097376 -401678.750696976087056
-1802205.992466074880213 -397804.443330064008478
-1801149.363184189656749 -394986.765245036804117
-1799888.439164433861151 -392367.923050159472041
-1799623.120888133300468 -391816.877399381308351
-1799505.717634590575472 -386064.117975784291048
-1799505.717634590575472 -381602.794341158121824
-1800327.54040939011611 -378667.713002588076051
-1801340.143471196992323 -374720.028602211619727
-1803101.192274338798597 -374250.415588040428702
-1803819.861362947151065 -371571.739894136087969
-1805038.345957794925198 -367030.115495158417616
-1806623.289880622876808 -360749.041430618788581
-1807562.515908965142444 -357285.6454511063057
-1807679.919162507867441 -355289.790140878816601
-1808208.233803450362757 -353293.934830651327502
-1809734.476099506719038 -348597.804688939417247
-1811612.92815619148314 -344664.795695255685132
-1811495.524902648758143 -339146.842778744408861
-1809440.967965649906546 -332278.752446490805596
-1809323.564712106948718 -326878.202783522196114
-1810086.685860135126859 -324941.049100066011306
-1812493.452557762619108 -319129.588049697573297
-1813784.888346733292565 -314668.264415071287658
-1812669.557438076706603 -309678.626139502506703
-1810732.403754620580003 -303632.3585820486187
-1810145.387486906489357 -298994.930067108070944
-1810260.039801930310205 -292681.591112659778446
-1808617.419990507187322 -284245.715040708717424
-1807653.819056421751156 -279557.661106366489548
-1803583.245268960250542 -279500.215904248470906
-1797759.344238141551614 -269350.608547552081291
-1790245.536011402495205 -261601.993813727603992
-1786488.631898032967001 -256905.863672015810153
-1779796.646446093916893 -246691.780613792507211
-1774630.903290210757405 -239647.585401224700036
-1772048.03171226917766 -236360.294302026508376
-1767117.095063471700996 -232368.583681571413763
-1759485.883583190152422 -227202.840525688399794
-1748684.784257252933457 -220393.451820206188131
-1745343.903801544103771 -217581.819753520598169
-1736827.0556494302582 -210414.175269068509806
-1730135.070197490975261 -201961.141013987187762
-1728139.214887263486162 -195973.57508330460405
-1727996.692113891942427 -191341.584948734700447
-1731793.391153783071786 -185950.272312089393381
-1735902.505027781007811 -174209.946957809908781
-1742359.683972634607926 -163643.654138958314434
-1747290.620621431618929 -148146.424671309388941
-1752925.976791485678405 -135232.066781602014089
-1755039.235355256125331 -122787.321906065699295
-1755039.235355256125331 -112925.448608470906038
-1748464.653156859567389 -85218.280772371203057
-1747525.427128517068923 -62207.243077983403055
-1744707.749043490039185 -35439.301270226096676
-1749638.685692287515849 -16185.167689207699368
-1747055.814114345936105 -7497.326927040900046
-1742594.490479719592258 6825.870005180099724
-1735315.488760066451505 16452.936795689300197
-1722401.130870359018445 26549.616600369699881
-1711365.225037336349487 41577.233053847397969
-1698450.867147628683597 64118.657734064101533
-1690702.252413804410025 72102.078974974196171
-1680733.849083097884431 83108.857652629201766
-1679431.540073696058244 84546.82385051039455
-1666751.988691074075177 94643.503655190797872
-1655122.517083266517147 103070.244142470604856
-1646955.338432674761862 96689.635821695803315
-1625771.718807702418417 85714.989509963299497
-1597697.042196293594316 79079.156856357498327
-1588253.741881547030061 78058.259525033601676
-1564773.103261096170172 81120.951519005495356
-1548183.52162708202377 83417.970514484404703
-1539761.118643659166992 79844.829854850497213
-1535677.529318363405764 74740.343198230693815
-1516724.773436408955604 47750.839835204198607
-1504031.591382722835988 30423.964490420901711
-1489228.580078525468707 14855.280187730499165
-1479783.400428376393393 5574.5490010325002
-1471616.221777784870937 -4379.199979376199735
-1460131.126800390193239 -15864.294956770700082
-1450432.602152812760323 -20458.332947728500585
-1438977.76579854474403 -26993.993054941500304
-1425450.876158502185717 -31332.806713068301178
-1412434.435184121830389 -36947.742035350100196
-1390485.14256065688096 -46391.042350096700829
-1373513.664095097221434 -51527.66696524569852
-1361007.671786378603429 -55100.807624879598734
-1351464.198925239266828 -56197.197925159300212
-1336198.885489260545 -54902.034689775202423
-1327054.164517771685496 -53582.558015193601022
-1307916.627803495153785 -50444.81059413030016
-1295237.725330028217286 -45102.370205225401151
-1274687.088857284514233 -26011.430798041099479
-1259330.896545035764575 -3169.389088309399995
-1248224.0781763731502 5962.119279887299854
-1233957.064525131834671 12784.751354739799353
-1215288.843424105551094 18212.887255774799996
-1199482.276792754651979 20955.892629961701459
-1187659.179490282665938 23095.99406908599849
-1177799.747861632145941 10235.176590409499113
-1170751.20409357920289 2808.631453323700043
-1128655.41546753142029 -24430.712443078198703
-1111520.701159513788298 -34427.816433913401852
-1089148.369386684382334 -51676.98611713360151
-1059379.777650240808725 -73414.563007054995978
-1041226.712060711346567 -86735.374919761597994
-1020634.825665425392799 -111828.644101222904283
-1014410.310993951396085 -122776.384532191295875
-1003718.694105209433474 -133537.681089365592925
-1001191.66721094888635 -136613.588637302804273
-999721.994080941425636 -139211.602936534793116
-999410.804785056156106 -142972.549784950097091
-997476.963326558470726 -155037.021610422903905
-1000084.877694693743251 -166373.720131228503305
-1008363.358163382159546 -181107.388103542296449
-1013599.085668913205154 -190303.042567961791065
-1022809.818415536312386 -202239.97374124309863
-1036932.965387611067854 -220009.289342356496491
-1054226.202131046215072 -239210.076548730488867
-1066680.147825583349913 -261269.538148273190018
-1076617.980903718853369 -278705.91622096329229
-1078496.432960403384641 -287819.863532715826295
-1081135.386309566907585 -296736.476702971791383
-1083832.517314390977845 -311106.117697617679369
-1088495.29667626041919 -359709.578815291577484
-1087370.602301265113056 -403501.912467551592272
-1086207.575328637845814 -448786.806181084713899
-1088086.027385322377086 -466632.100719587528147
-1098887.126711258431897 -486355.847314774815459
-1115323.582207247847691 -527681.792561834095977
-1131760.037703237263486 -582156.902205685037188
-1144439.589085857616737 -611272.909084294689819
-1159467.205539334798232 -651190.015288840397261
-1170737.917879443848506 -697916.510198867646977
-1188793.528361294418573 -752100.128561151446775
-1198351.232074652798474 -770439.05113033298403
-1204524.819611754501238 -781933.547617689939216
-1208093.427301394520327 -807102.95381027716212
-1209309.37997879087925 -827233.944488405017182
-1207088.056694933911785 -848425.45172604219988
-1201967.183321828488261 -859698.19358082965482
-1212360.74080214346759 -852247.353606782387942
-1224173.190243429271504 -842044.008846583659761
-1240013.175173061899841 -840378.020669656340033
-1244474.498807688010857 -842960.892247597803362
-1248466.209428142989054 -848361.441910566180013
-1251753.500527340918779 -851648.733009764226153
-1255275.598133624764159 -850005.087460165261291
-1262319.793346192222089 -842960.892247597803362
-1264667.858417048119009 -831690.179907489917241
-1265484.329505174420774 -828652.907459659967571
-1266433.071634290972725 -825123.586739346617833
-1270538.021094187628478 -809853.174748530844226
-1272181.666643786709756 -793768.929013168439269
-1275838.76175868534483 -786419.268613384105265
-1280093.686776876449585 -782063.117440209840424
-1291083.59046417591162 -771344.90758649550844
-1304584.964621596736833 -763361.486345585784875
-1309490.840158617123961 -758708.681977871339768
-1313742.418397934408858 -753030.00003382016439
-1319612.581075074151158 -753030.00003382016439
-1329709.260879753855988 -750212.321948793134652
-1337692.682120663812384 -749390.499173993361183
-1345910.909868658753112 -749507.90242753631901
-1352602.895320598036051 -751151.547977135283872
-1361408.139336306834593 -753734.419555076514371
-1368687.141055959975347 -759252.372471587732434
-1381718.902199209667742 -768409.826247925404459
-1389584.92018657666631 -772049.327107751974836
-1399329.390230628428981 -773692.972657350939699
-1406725.7952038240619 -770288.278304610052146
-1411421.92534553585574 -767353.196966040297411
-1417409.491276218090206 -763361.486345585435629
-1418864.084468149812892 -761709.660178476478904
-1422763.818046938627958 -757281.149165275623091
-1424336.283235242823139 -755495.468358218437061
-1427740.977587983710691 -744342.159271653275937
-1432437.107729695504531 -736476.141284286393784
-1441946.771266661584377 -722270.347605608752929
-1450986.821789456298575 -717574.217463897075504
-1458970.24303036602214 -716634.991435554809868
-1467775.487046075519174 -716987.201196183101274
-1481394.264457039069384 -712995.490575728239492
-1489671.193831805838272 -708827.675074959057383
-1497537.21181917283684 -707301.432778902701102
-1503818.285883712116629 -703368.423785219318233
-1506048.947701025288552 -699611.51967185002286
-1509218.83554668049328 -694387.074889195733704
-1509703.530701291980222 -694810.221452745376155
-1512917.038033278426155 -697615.664361622533761
-1516086.925878933863714 -698730.995270279003307
-1529177.388648954918608 -697556.962734851054847
-1539684.979841034626588 -697556.962734851054847
-1544146.303475660737604 -698907.100150593090802
-1548255.417349658440799 -699905.027805706835352
-1550712.058968870202079 -702720.303237942280248
-1556297.540217339526862 -709121.183208815869875
-1559995.742703937459737 -712878.087322185165249
-1561463.28337322245352 -716634.991435554577038
-1565572.397247220156714 -720039.685788295581006
-1570972.946910188533366 -722563.855739465565421
-1574788.552650329191238 -724559.71104969305452
-1577430.12585504213348 -726438.163106377702206
-1577195.319347956217825 -734333.531907130265608
-1576432.198199928039685 -736652.246164600364864
